2.877258272861029957e-06 6.079784250020211525e-07 -2.618314344041315918e-09 -1.400774018007917408e-07 -9.557045574461031646e-08 -2.232826547587867425e-07 -2.357830997409129302e-07 -3.103207921992830328e-07 -2.760140671387029461e-07 -1.386684769244677075e-07 -2.259113257216849666e-07 -1.538653299325063114e-07 9.085470461365195467e-09 -5.843886139582134514e-08 -6.297489974196990274e-08 -8.142540619570398123e-09 -1.787991130048397856e-08 -2.064305997135604917e-07 -8.908980979601561784e-08 -1.614207034717442611e-07 -9.518903000161547302e-08 -2.120829302559071605e-08 7.595652306296399557e-08 -3.594201255154504669e-07 -1.328115904772120164e-07 -2.267610253138847737e-07 -3.087126047364234534e-07 1.363086186108042964e-07 2.366125943202383143e-07 6.168301573739273389e-07
6.079784250020211525e-07 4.200654176743445131e-06 4.630618893118071103e-07 -9.190233606127780371e-08 -6.921159494652541830e-08 -2.035437785657656794e-07 -1.984441398877465401e-07 -2.640175281821537311e-07 -2.455793529511139583e-07 -1.461766700271589666e-07 -2.367145299126275471e-07 -1.617852339118939267e-07 -3.526408601315246781e-08 -8.809878412983859435e-08 -1.045018354375889354e-07 -4.686338021432976550e-08 -6.698270564080726521e-08 -1.891307511435841793e-07 -1.736045416453949552e-07 -1.794956052799013802e-07 -1.816161474049261721e-07 -6.010711228348192238e-08 4.710882190196946044e-08 -2.921691606816092906e-07 -1.056317131559716083e-07 -2.674027929809029995e-07 -3.691140213610334760e-07 -2.209594650301109554e-08 4.128689201909928572e-08 4.008062246988578353e-07
-2.618314344041315918e-09 4.630618893118071103e-07 6.662279707818851222e-06 -7.292920917456337356e-08 6.482735615415202543e-08 -4.119668065882275459e-08 2.537213406659254928e-08 1.999565285136304661e-08 4.411280766593153341e-08 -7.138755617644365428e-08 4.195649550743967508e-08 -2.218394003969809767e-08 -2.473918535447509945e-08 -1.003185137070070589e-08 2.600251412380795236e-09 1.077824132762230006e-08 4.305176873922971357e-08 -1.974234701928728478e-08 -1.163121714410270413e-07 -5.737616339351612776e-08 -6.195772647939779480e-08 -8.761604326275302723e-08 -6.393947709723243156e-08 -1.208733022245370888e-07 -2.608425860218504744e-08 -1.746004886423699466e-07 -2.067103600992913842e-07 -2.280035043106088169e-07 1.747680484609708370e-08 9.578314151240589790e-08
-1.400774018007917408e-07 -9.190233606127780371e-08 -7.292920917456337356e-08 4.001521145827237448e-06 9.896351345786189169e-08 1.467720313457640295e-07 9.742063432306641796e-08 1.787267077976341500e-07 1.602520194501300510e-07 8.460004404078693000e-08 1.342714270403022368e-07 1.154633721055297628e-07 2.299334861335454456e-08 6.940656189077674926e-08 4.019341357633920083e-08 5.989997466526923105e-08 1.968328782979812680e-08 7.416590679886418896e-08 -1.695469836840666212e-08 1.103729714887634901e-08 -3.003519476801244910e-08 -7.246182776125475289e-08 -7.367033411787254032e-08 5.884240579541166759e-08 3.297702454349877577e-08 -5.484796482153212467e-08 -6.861525696213568356e-08 -2.435147171169691086e-07 -3.533907278738558404e-07 -3.143944754911042288e-07
-9.557045574461031646e-08 -6.921159494652541830e-08 6.482735615415202543e-08 9.896351345786189169e-08 1.908305474899708404e-06 1.170619434622764081e-07 9.605415820331878280e-08 1.373300940454758719e-07 1.204589854017063070e-07 3.964006258452996201e-08 1.021915633870541760e-07 7.331757589095654416e-08 2.255315482058207995e-08 5.845985287957177203e-08 5.492957418480900949e-08 5.861624524617649643e-08 4.988323696208072733e-08 4.059463796091149839e-08 -1.805827659700028986e-08 1.779338651066403069e-08 3.623021406345015569e-08 -5.248514959639200147e-08 -7.090725661688328569e-08 1.598492703537536201e-08 -2.721237687812559429e-08 -8.057073099680549887e-08 -1.004144935842438772e-07 -2.529352794652597009e-07 -3.031619404573906637e-07 -3.746246554654704924e-07
-2.232826547587867425e-07 -2.035437785657656794e-07 -4.119668065882275459e-08 1.467720313457640295e-07 1.170619434622764081e-07 2.063765773662457139e-06 1.207460039456249344e-07 2.356285499053597455e-07 1.678376857295646638e-07 5.887619812535993074e-08 1.361799564378342868e-07 9.452695280452165528e-08 6.685230276336503392e-10 4.849526026018957761e-08 6.143436910921989037e-08 2.370078985360551315e-08 4.514845203345829459e-09 4.539466913118260069e-08 2.988006331903252150e-08 -4.320286980477087138e-09 9.758301746215936390e-08 -8.041897371576864350e-08 -1.187461889417476060e-07 7.379149895609535650e-08 -5.499745375177606691e-08 -4.148204001161846638e-08 1.834933384157890012e-08 -3.031393499128642099e-07 -2.574022757752039802e-07 -3.861397301833853482e-07
-2.357830997409129302e-07 -1.984441398877465401e-07 2.537213406659254928e-08 9.742063432306641796e-08 9.605415820331878280e-08 1.207460039456249344e-07 1.607423620967215043e-06 1.950813617253748335e-07 1.983121700745966735e-07 5.728975417477735387e-08 1.493877339895196897e-07 9.710012955417893636e-08 7.299723007532583165e-09 7.463436131586133003e-08 6.729556789609952788e-08 6.044766617221797695e-08 6.338366441418533940e-08 8.007890947079062587e-08 1.841758870909964464e-08 6.087967901451676840e-08 3.060016240589323325e-08 -2.172202387591300041e-08 -8.100003727236901534e-08 8.719092014898133357e-08 1.666650310041253983e-08 -2.279823305758442142e-08 -4.496785807346194705e-08 -2.560973232079618357e-07 -2.477490458577853505e-07 -4.051353446918454849e-07
-3.103207921992830328e-07 -2.640175281821537311e-07 1.999565285136304661e-08 1.787267077976341500e-07 1.373300940454758719e-07 2.356285499053597455e-07 1.950813617253748335e-07 2.000011308085078802e-06 2.602714706095320285e-07 9.917262087299722886e-08 2.251611794138632373e-07 1.500517479662087968e-07 -7.305512649319856068e-09 9.097839259798629683e-08 6.342499511865914710e-08 5.669632492785072084e-08 4.029020210719330690e-08 1.002519558574263183e-07 7.123606799116057453e-08 3.855539343494401980e-08 6.437734715601441237e-08 -8.960678326064800900e-08 -1.523454129130476686e-07 9.463012246953691203e-08 -1.851183094253996458e-08 -5.613325834177728464e-08 -4.413616671481753528e-08 -3.733772737568378944e-07 -4.292722121040188840e-07 -5.521080650878793578e-07
-2.760140671387029461e-07 -2.455793529511139583e-07 4.411280766593153341e-08 1.602520194501300510e-07 1.204589854017063070e-07 1.678376857295646638e-07 1.983121700745966735e-07 2.602714706095320285e-07 1.278433437648889886e-06 1.040150553232161885e-07 2.601236224598712194e-07 1.538974638087670992e-07 1.824827080484974933e-08 9.567962543401589373e-08 8.419185737902817359e-08 8.138734423241583840e-08 7.121127514415181890e-08 1.173224964115541541e-07 -4.605470810949680674e-08 3.266997232092902292e-08 -7.884072308027792352e-09 -1.270977067907650348e-07 -1.533515852622721971e-07 4.489075693866845531e-08 2.050389466863706725e-08 -9.197934837091082842e-08 -6.981497513035417060e-08 -3.150383591490923277e-07 -3.171401449327883487e-07 -3.279933465320685389e-07
-1.386684769244677075e-07 -1.461766700271589666e-07 -7.138755617644365428e-08 8.460004404078693000e-08 3.964006258452996201e-08 5.887619812535993074e-08 5.728975417477735387e-08 9.917262087299722886e-08 1.040150553232161885e-07 1.282244480710597722e-06 1.205603011423465558e-07 1.073269637174051726e-07 7.373259873938632267e-08 5.672311141215286829e-08 4.196417661366306940e-08 4.626723562189591647e-08 3.315346844235534939e-08 9.826376679334971678e-08 4.679671978137050834e-08 7.444026413383692477e-08 9.603155241632648611e-09 -1.908058387845852474e-08 -6.204755173581734917e-08 5.934823019943885428e-08 -4.282611331745863996e-08 -3.739434363590122434e-09 -5.256126558905850013e-08 -1.219951739988784464e-07 -4.815762861854278229e-07 -5.094772218211355610e-07
-2.259113257216849666e-07 -2.367145299126275471e-07 4.195649550743967508e-08 1.342714270403022368e-07 1.021915633870541760e-07 1.361799564378342868e-07 1.493877339895196897e-07 2.251611794138632373e-07 2.601236224598712194e-07 1.205603011423465558e-07 1.336500581671156005e-06 1.723145235284851192e-07 6.846225004009830297e-08 1.102087779168732650e-07 9.602042904551568928e-08 9.698811079497710480e-08 8.452537538732459008e-08 1.269272828637813292e-07 -1.132355974911006828e-08 4.834617291863408837e-08 5.511117128779457913e-09 -1.245235259794078730e-07 -1.754510847167946312e-07 1.224350240930519097e-09 -5.380581718062804563e-08 -1.034453977613829559e-07 -1.034869561309577040e-07 -3.024424431054388415e-07 -4.842476515341276615e-07 -4.738325136886212810e-07
-1.538653299325063114e-07 -1.617852339118939267e-07 -2.218394003969809767e-08 1.154633721055297628e-07 7.331757589095654416e-08 9.452695280452165528e-08 9.710012955417893636e-08 1.500517479662087968e-07 1.538974638087670992e-07 1.073269637174051726e-07 1.723145235284851192e-07 1.444608350107804332e-06 8.118789957615259459e-08 9.646409856740570011e-08 8.069142291017892251e-08 8.346876436041071454e-08 7.122169887412678213e-08 1.106913510061740077e-07 2.838824018694701677e-08 6.636355161960823755e-08 -1.426149319202441999e-08 -6.485804533464873011e-08 -1.172577913041718604e-07 1.995084775349651699e-08 -6.230067559287927755e-08 -7.050130463056156245e-08 -8.809105560338510331e-08 -2.374496937394580922e-07 -5.232826465542770535e-07 -5.370021102028524615e-07
9.085470461365195467e-09 -3.526408601315246781e-08 -2.473918535447509945e-08 2.299334861335454456e-08 2.255315482058207995e-08 6.685230276336503392e-10 7.299723007532583165e-09 -7.305512649319856068e-09 1.824827080484974933e-08 7.373259873938632267e-08 6.846225004009830297e-08 8.118789957615259459e-08 1.205678772859010443e-06 5.955219903691772262e-08 7.414975063623350405e-08 6.901104481811994990e-08 6.527373486587013343e-08 6.413505757077902105e-08 1.954973860510257850e-08 5.757847105354955766e-08 -2.212504586584627598e-08 -1.144097539143524301e-08 -5.579105921066005401e-08 -5.037637118491956416e-08 -1.816777628310087292e-07 -5.795099959707299869e-08 -1.142408989370516625e-07 -1.013539294127179180e-07 -4.411441581452658198e-07 -4.210688918743110594e-07
-5.843886139582134514e-08 -8.809878412983859435e-08 -1.003185137070070589e-08 6.940656189077674926e-08 5.845985287957177203e-08 4.849526026018957761e-08 7.463436131586133003e-08 9.097839259798629683e-08 9.567962543401589373e-08 5.672311141215286829e-08 1.102087779168732650e-07 9.646409856740570011e-08 5.955219903691772262e-08 9.930228088255869226e-07 7.000542736304341429e-08 8.412856747679044152e-08 6.992710755933514196e-08 6.024919663488382656e-08 6.368150604040494771e-09 4.326180626945999878e-08 -1.056101885973002757e-08 -4.085895927895297567e-08 -7.339096676545416611e-08 -1.664552464667664685e-08 -4.387642277084138484e-08 -7.495116262801755644e-08 -1.074491149383283832e-07 -1.727072988717689381e-07 -3.823836540288222881e-07 -3.718670932389098221e-07
-6.297489974196990274e-08 -1.045018354375889354e-07 2.600251412380795236e-09 4.019341357633920083e-08 5.492957418480900949e-08 6.143436910921989037e-08 6.729556789609952788e-08 6.342499511865914710e-08 8.419185737902817359e-08 4.196417661366306940e-08 9.602042904551568928e-08 8.069142291017892251e-08 7.414975063623350405e-08 7.000542736304341429e-08 1.190830850841918764e-06 7.129761801885000181e-08 6.569201943488306648e-08 5.978744763017514676e-08 -2.769169756366343664e-09 5.082082526127186809e-08 6.725051229265959877e-09 -3.056617610662099393e-08 -7.699222250757823696e-08 -1.535589797540222863e-08 -9.391574651049725180e-08 -6.253583477473931218e-08 -9.184815758682573947e-08 -1.807399098885569143e-07 -3.481051362337364088e-07 -3.761952034814905418e-07
-8.142540619570398123e-09 -4.686338021432976550e-08 1.077824132762230006e-08 5.989997466526923105e-08 5.861624524617649643e-08 2.370078985360551315e-08 6.044766617221797695e-08 5.669632492785072084e-08 8.138734423241583840e-08 4.626723562189591647e-08 9.698811079497710480e-08 8.346876436041071454e-08 6.901104481811994990e-08 8.412856747679044152e-08 7.129761801885000181e-08 1.097925357361375044e-06 7.707532099694043102e-08 5.620734596038484421e-08 -3.292665734508069413e-08 4.599737445133186927e-08 -8.529809282298104645e-09 -3.980152734962204004e-08 -6.421233009179757832e-08 -3.720455190147134493e-08 -3.954411676946406266e-08 -9.784968412288722026e-08 -1.390655783908862371e-07 -1.844866734415829001e-07 -3.803131915092745132e-07 -3.406071291944249172e-07
-1.787991130048397856e-08 -6.698270564080726521e-08 4.305176873922971357e-08 1.968328782979812680e-08 4.988323696208072733e-08 4.514845203345829459e-09 6.338366441418533940e-08 4.029020210719330690e-08 7.121127514415181890e-08 3.315346844235534939e-08 8.452537538732459008e-08 7.122169887412678213e-08 6.527373486587013343e-08 6.992710755933514196e-08 6.569201943488306648e-08 7.707532099694043102e-08 1.060396533938988183e-06 5.906890539201430971e-08 -1.325046151858354824e-08 5.231482077202241380e-08 -2.106119888411182052e-08 -3.138499496605594991e-08 -5.301902525198396169e-08 -3.462447070036578162e-08 -4.709864992293676182e-08 -8.867619584409845327e-08 -1.015296862512164286e-07 -1.444952720563912501e-07 -2.731012867110305149e-07 -3.093424120065971199e-07
-2.064305997135604917e-07 -1.891307511435841793e-07 -1.974234701928728478e-08 7.416590679886418896e-08 4.059463796091149839e-08 4.539466913118260069e-08 8.007890947079062587e-08 1.002519558574263183e-07 1.173224964115541541e-07 9.826376679334971678e-08 1.269272828637813292e-07 1.106913510061740077e-07 6.413505757077902105e-08 6.024919663488382656e-08 5.978744763017514676e-08 5.620734596038484421e-08 5.906890539201430971e-08 1.320954151310530275e-06 3.544497162590583595e-08 1.169813843976591489e-07 1.136904650050805006e-08 -7.389468436576730407e-10 -5.139834282494379497e-08 1.126775583289126306e-07 1.307637630987756877e-09 3.243309654019618357e-09 -2.953260295366340308e-08 -1.645872320423217741e-07 -4.246476587626092879e-07 -5.337261060028998288e-07
-8.908980979601561784e-08 -1.736045416453949552e-07 -1.163121714410270413e-07 -1.695469836840666212e-08 -1.805827659700028986e-08 2.988006331903252150e-08 1.841758870909964464e-08 7.123606799116057453e-08 -4.605470810949680674e-08 4.679671978137050834e-08 -1.132355974911006828e-08 2.838824018694701677e-08 1.954973860510257850e-08 6.368150604040494771e-09 -2.769169756366343664e-09 -3.292665734508069413e-08 -1.325046151858354824e-08 3.544497162590583595e-08 1.231896817625553744e-06 9.082359861054401266e-08 1.122415273786063747e-07 1.004577920495979466e-07 -1.079945957329874138e-10 1.024342602289749419e-07 -1.160836397515431741e-07 1.265084249462041336e-07 4.559448521885386185e-08 -5.857092122121140257e-08 -3.981748093086429760e-07 -6.283727261222127161e-07
-1.614207034717442611e-07 -1.794956052799013802e-07 -5.737616339351612776e-08 1.103729714887634901e-08 1.779338651066403069e-08 -4.320286980477087138e-09 6.087967901451676840e-08 3.855539343494401980e-08 3.266997232092902292e-08 7.444026413383692477e-08 4.834617291863408837e-08 6.636355161960823755e-08 5.757847105354955766e-08 4.326180626945999878e-08 5.082082526127186809e-08 4.599737445133186927e-08 5.231482077202241380e-08 1.169813843976591489e-07 9.082359861054401266e-08 2.126119323481921687e-06 4.044933438729320991e-08 7.607978665084933844e-08 4.884781324166248852e-09 1.442927454442859946e-07 7.707629728501851031e-09 7.454896617811814841e-08 1.584732158580786239e-09 -1.000353229006363012e-07 -4.352011030851893959e-07 -6.122578729915310650e-07
-9.518903000161547302e-08 -1.816161474049261721e-07 -6.195772647939779480e-08 -3.003519476801244910e-08 3.623021406345015569e-08 9.758301746215936390e-08 3.060016240589323325e-08 6.437734715601441237e-08 -7.884072308027792352e-09 9.603155241632648611e-09 5.511117128779457913e-09 -1.426149319202441999e-08 -2.212504586584627598e-08 -1.056101885973002757e-08 6.725051229265959877e-09 -8.529809282298104645e-09 -2.106119888411182052e-08 1.136904650050805006e-08 1.122415273786063747e-07 4.044933438729320991e-08 1.711440742552705961e-06 7.390754382443646307e-08 -1.483611736906446815e-08 1.318911135114238947e-07 -5.486923255765866712e-08 8.068265089831562681e-08 4.265701532584828505e-08 -1.379069085710475926e-07 -2.080307843517347483e-07 -5.902108450365353206e-07
-2.120829302559071605e-08 -6.010711228348192238e-08 -8.761604326275302723e-08 -7.246182776125475289e-08 -5.248514959639200147e-08 -8.041897371576864350e-08 -2.172202387591300041e-08 -8.960678326064800900e-08 -1.270977067907650348e-07 -1.908058387845852474e-08 -1.245235259794078730e-07 -6.485804533464873011e-08 -1.144097539143524301e-08 -4.085895927895297567e-08 -3.056617610662099393e-08 -3.980152734962204004e-08 -3.138499496605594991e-08 -7.389468436576730407e-10 1.004577920495979466e-07 7.607978665084933844e-08 7.390754382443646307e-08 1.863183073480016022e-06 1.347924118676614707e-07 1.387132728368508834e-07 5.474146333146023707e-08 1.624478120419094758e-07 6.778622337295977419e-08 1.333371472204041423e-07 5.217440484459208048e-08 -9.848320531592581761e-08
7.595652306296399557e-08 4.710882190196946044e-08 -6.393947709723243156e-08 -7.367033411787254032e-08 -7.090725661688328569e-08 -1.187461889417476060e-07 -8.100003727236901534e-08 -1.523454129130476686e-07 -1.533515852622721971e-07 -6.204755173581734917e-08 -1.754510847167946312e-07 -1.172577913041718604e-07 -5.579105921066005401e-08 -7.339096676545416611e-08 -7.699222250757823696e-08 -6.421233009179757832e-08 -5.301902525198396169e-08 -5.139834282494379497e-08 -1.079945957329874138e-10 4.884781324166248852e-09 -1.483611736906446815e-08 1.347924118676614707e-07 1.567949479198660855e-06 8.596548576188439270e-08 1.617296976091998788e-07 1.255031723378351974e-07 6.525129216417475169e-08 2.432109925269525544e-07 4.209695872034361126e-07 4.676041807457858291e-07
-3.594201255154504669e-07 -2.921691606816092906e-07 -1.208733022245370888e-07 5.884240579541166759e-08 1.598492703537536201e-08 7.379149895609535650e-08 8.719092014898133357e-08 9.463012246953691203e-08 4.489075693866845531e-08 5.934823019943885428e-08 1.224350240930519097e-09 1.995084775349651699e-08 -5.037637118491956416e-08 -1.664552464667664685e-08 -1.535589797540222863e-08 -3.720455190147134493e-08 -3.462447070036578162e-08 1.126775583289126306e-07 1.024342602289749419e-07 1.442927454442859946e-07 1.318911135114238947e-07 1.387132728368508834e-07 8.596548576188439270e-08 1.459706453685008446e-06 1.885170580936795065e-07 2.480344245329974794e-07 1.820064001099502405e-07 -1.849639935909609465e-08 -1.133055782484848973e-07 -4.856919444433663345e-07
-1.328115904772120164e-07 -1.056317131559716083e-07 -2.608425860218504744e-08 3.297702454349877577e-08 -2.721237687812559429e-08 -5.499745375177606691e-08 1.666650310041253983e-08 -1.851183094253996458e-08 2.050389466863706725e-08 -4.282611331745863996e-08 -5.380581718062804563e-08 -6.230067559287927755e-08 -1.816777628310087292e-07 -4.387642277084138484e-08 -9.391574651049725180e-08 -3.954411676946406266e-08 -4.709864992293676182e-08 1.307637630987756877e-09 -1.160836397515431741e-07 7.707629728501851031e-09 -5.486923255765866712e-08 5.474146333146023707e-08 1.617296976091998788e-07 1.885170580936795065e-07 2.267855691234000706e-06 1.724326556760578766e-07 1.359012002543897009e-07 2.170640477168601587e-07 5.785760667070485303e-07 6.578712522199328354e-07
-2.267610253138847737e-07 -2.674027929809029995e-07 -1.746004886423699466e-07 -5.484796482153212467e-08 -8.057073099680549887e-08 -4.148204001161846638e-08 -2.279823305758442142e-08 -5.613325834177728464e-08 -9.197934837091082842e-08 -3.739434363590122434e-09 -1.034453977613829559e-07 -7.050130463056156245e-08 -5.795099959707299869e-08 -7.495116262801755644e-08 -6.253583477473931218e-08 -9.784968412288722026e-08 -8.867619584409845327e-08 3.243309654019618357e-09 1.265084249462041336e-07 7.454896617811814841e-08 8.068265089831562681e-08 1.624478120419094758e-07 1.255031723378351974e-07 2.480344245329974794e-07 1.724326556760578766e-07 1.682505369190760587e-06 3.163150879884604851e-07 3.347657214451877737e-07 2.335483064374251181e-07 8.435790687888171351e-09
-3.087126047364234534e-07 -3.691140213610334760e-07 -2.067103600992913842e-07 -6.861525696213568356e-08 -1.004144935842438772e-07 1.834933384157890012e-08 -4.496785807346194705e-08 -4.413616671481753528e-08 -6.981497513035417060e-08 -5.256126558905850013e-08 -1.034869561309577040e-07 -8.809105560338510331e-08 -1.142408989370516625e-07 -1.074491149383283832e-07 -9.184815758682573947e-08 -1.390655783908862371e-07 -1.015296862512164286e-07 -2.953260295366340308e-08 4.559448521885386185e-08 1.584732158580786239e-09 4.265701532584828505e-08 6.778622337295977419e-08 6.525129216417475169e-08 1.820064001099502405e-07 1.359012002543897009e-07 3.163150879884604851e-07 1.855626338772166568e-06 3.686021447366262793e-07 6.390051668869048430e-07 3.718750744435194116e-07
1.363086186108042964e-07 -2.209594650301109554e-08 -2.280035043106088169e-07 -2.435147171169691086e-07 -2.529352794652597009e-07 -3.031393499128642099e-07 -2.560973232079618357e-07 -3.733772737568378944e-07 -3.150383591490923277e-07 -1.219951739988784464e-07 -3.024424431054388415e-07 -2.374496937394580922e-07 -1.013539294127179180e-07 -1.727072988717689381e-07 -1.807399098885569143e-07 -1.844866734415829001e-07 -1.444952720563912501e-07 -1.645872320423217741e-07 -5.857092122121140257e-08 -1.000353229006363012e-07 -1.379069085710475926e-07 1.333371472204041423e-07 2.432109925269525544e-07 -1.849639935909609465e-08 2.170640477168601587e-07 3.347657214451877737e-07 3.686021447366262793e-07 2.313497464592073141e-06 1.295066687197382673e-06 1.439041034777157910e-06
2.366125943202383143e-07 4.128689201909928572e-08 1.747680484609708370e-08 -3.533907278738558404e-07 -3.031619404573906637e-07 -2.574022757752039802e-07 -2.477490458577853505e-07 -4.292722121040188840e-07 -3.171401449327883487e-07 -4.815762861854278229e-07 -4.842476515341276615e-07 -5.232826465542770535e-07 -4.411441581452658198e-07 -3.823836540288222881e-07 -3.481051362337364088e-07 -3.803131915092745132e-07 -2.731012867110305149e-07 -4.246476587626092879e-07 -3.981748093086429760e-07 -4.352011030851893959e-07 -2.080307843517347483e-07 5.217440484459208048e-08 4.209695872034361126e-07 -1.133055782484848973e-07 5.785760667070485303e-07 2.335483064374251181e-07 6.390051668869048430e-07 1.295066687197382673e-06 9.168112029727011614e-06 4.324923228820414793e-06
6.168301573739273389e-07 4.008062246988578353e-07 9.578314151240589790e-08 -3.143944754911042288e-07 -3.746246554654704924e-07 -3.861397301833853482e-07 -4.051353446918454849e-07 -5.521080650878793578e-07 -3.279933465320685389e-07 -5.094772218211355610e-07 -4.738325136886212810e-07 -5.370021102028524615e-07 -4.210688918743110594e-07 -3.718670932389098221e-07 -3.761952034814905418e-07 -3.406071291944249172e-07 -3.093424120065971199e-07 -5.337261060028998288e-07 -6.283727261222127161e-07 -6.122578729915310650e-07 -5.902108450365353206e-07 -9.848320531592581761e-08 4.676041807457858291e-07 -4.856919444433663345e-07 6.578712522199328354e-07 8.435790687888171351e-09 3.718750744435194116e-07 1.439041034777157910e-06 4.324923228820414793e-06 1.395085173599534382e-05
